-46200000.00000000 
180993559.12401512 
  0.00012677 
-212246498.53399393 
 -0.00000285 
181067789.85611886 
  0.00008561 
-212172267.80187774 
 -0.00000043 
181142020.58823153 
 -0.00006630 
-212098037.06976387 
  0.00000540 
181216251.32035384 
 -0.00022768 
-212023806.33765909 
  0.00001512 
181290482.05249795 
 -0.00060436 
-211949575.60556385 
-181376402.96827948 
-27468.00000044 
 -0.00000043 
3946230291.87992239 
-181421121.88406706 
181376402.96827474 
-662520023.27965093 
-150925696.89467525 
30405987.15785338 
150925696.89463556 
-660574112.59670305 
-120564428.65259907 
30316549.32628454 
120564428.65257490 
-658628201.91366446 
-90292598.24209367 
30227111.49472348 
90292598.24206950 
-656682291.23082387 
-60110205.66315904 
30137673.66315658 
60110205.66312710 
-654736380.54781008 
-30017250.91579131 
30048235.83158191 
30017250.91577880 
-653089282.31167185 
